image: /home/natalie/maps/map_with2_181124.pgm
resolution: 0.050000
origin: [-9.775000, -9.700000, 0.000000]
negate: 0
occupied_thresh: 0.65
free_thresh: 0.196

